91282CFS5 1 101.000000 40000
91282CFS5 2 99.000000 50000
91282CFS5 3 101.000000 40000
91282CFS5 4 101.000000 30000
91282CFS5 5 100.000000 10000
91282CFS5 6 99.000000 40000
91282CFS5 7 100.000000 40000
91282CFS5 8 99.000000 30000
91282CFS5 9 99.000000 10000
91282CGA3 10 99.000000 30000
91282CGA3 11 99.000000 10000
91282CGA3 12 99.000000 30000
91282CGA3 13 101.000000 50000
91282CGA3 14 101.000000 50000
91282CGA3 15 99.000000 10000
91282CGA3 16 100.000000 10000
91282CGA3 17 101.000000 40000
91282CGA3 18 99.000000 30000
91282CGA3 19 99.000000 50000
91282CFZ9 20 100.000000 20000
91282CFZ9 21 100.000000 40000
91282CFZ9 22 100.000000 40000
91282CFZ9 23 99.000000 10000
91282CFZ9 24 101.000000 40000
91282CFZ9 25 100.000000 10000
91282CFZ9 26 101.000000 20000
91282CFZ9 27 101.000000 40000
91282CFZ9 28 99.000000 20000
91282CFZ9 29 101.000000 50000
91282CFY2 30 99.000000 50000
91282CFY2 31 100.000000 10000
91282CFY2 32 99.000000 20000
91282CFY2 33 99.000000 30000
91282CFY2 34 99.000000 10000
91282CFY2 35 100.000000 30000
91282CFY2 36 99.000000 50000
91282CFY2 37 99.000000 40000
91282CFY2 38 99.000000 10000
91282CFY2 39 100.000000 20000
91282CFV8 40 99.000000 40000
91282CFV8 41 100.000000 30000
91282CFV8 42 99.000000 20000
91282CFV8 43 101.000000 50000
91282CFV8 44 100.000000 10000
91282CFV8 45 101.000000 30000
91282CFV8 46 100.000000 40000
91282CFV8 47 101.000000 30000
91282CFV8 48 100.000000 50000
91282CFV8 49 101.000000 50000
912810TM0 50 101.000000 50000
912810TM0 51 99.000000 40000
912810TM0 52 99.000000 50000
912810TM0 53 101.000000 20000
912810TM0 54 100.000000 40000
912810TM0 55 100.000000 30000
912810TM0 56 101.000000 30000
912810TM0 57 100.000000 30000
912810TM0 58 99.000000 30000
912810TM0 59 101.000000 50000
912810TL2 60 100.000000 30000
912810TL2 61 99.000000 10000
912810TL2 62 101.000000 20000
912810TL2 63 100.000000 30000
912810TL2 64 100.000000 20000
912810TL2 65 101.000000 10000
912810TL2 66 100.000000 10000
912810TL2 67 101.000000 30000
912810TL2 68 100.000000 10000
912810TL2 69 99.000000 50000
