1150736799 91282CFS5 100.398438 0.007812
1150737135 91282CFS5 99.503906 0.015625
1150737442 91282CFS5 100.847656 0.015625
1150737752 91282CFS5 100.199219 0.007812
1150738068 91282CFS5 100.398438 0.007812
1150738375 91282CFS5 99.957031 0.015625
1150738683 91282CFS5 99.746094 0.007812
1150738997 91282CFS5 100.582031 0.011719
1150739319 91282CFS5 100.855469 0.007812
1150739631 91282CGA3 100.101562 0.007812
1150739944 91282CGA3 100.769531 0.011719
1150740270 91282CGA3 100.636719 0.015625
1150740583 91282CGA3 99.675781 0.011719
1150740892 91282CGA3 100.410156 0.011719
1150741205 91282CGA3 99.867188 0.007812
1150741516 91282CGA3 99.812500 0.015625
1150741828 91282CGA3 99.773438 0.007812
1150742144 91282CGA3 99.289062 0.015625
1150742469 91282CGA3 99.910156 0.015625
1150746634 91282CFZ9 100.484375 0.011719
1150746954 91282CFZ9 99.023438 0.015625
1150747280 91282CFZ9 100.125000 0.007812
1150747589 91282CFZ9 99.847656 0.011719
1150747901 91282CFZ9 99.066406 0.015625
1150748212 91282CFZ9 100.371094 0.007812
1150748526 91282CFZ9 99.316406 0.015625
1150748836 91282CFZ9 100.582031 0.015625
1150749148 91282CFZ9 99.023438 0.007812
1150749461 91282CFZ9 100.660156 0.007812
1150749774 91282CFY2 99.316406 0.007812
1150750089 91282CFY2 100.996094 0.011719
1150750414 91282CFY2 100.648438 0.011719
1150750725 91282CFY2 100.898438 0.011719
1150751049 91282CFY2 100.496094 0.007812
1150751377 91282CFY2 100.972656 0.007812
1150751699 91282CFY2 100.410156 0.015625
1150752009 91282CFY2 100.898438 0.011719
1150752323 91282CFY2 99.207031 0.015625
1150752634 91282CFY2 99.476562 0.015625
1150752943 91282CFV8 99.718750 0.015625
1150753258 91282CFV8 99.605469 0.007812
1150753573 91282CFV8 99.949219 0.015625
1150753885 91282CFV8 99.390625 0.007812
1150754196 91282CFV8 99.984375 0.011719
1150754506 91282CFV8 100.957031 0.011719
1150754819 91282CFV8 99.078125 0.015625
1150755131 91282CFV8 100.593750 0.011719
1150755440 91282CFV8 99.621094 0.007812
1150755750 91282CFV8 99.800781 0.011719
1150756062 912810TM0 100.027344 0.007812
1150756373 912810TM0 99.058594 0.015625
1150756684 912810TM0 99.968750 0.011719
1150756993 912810TM0 99.050781 0.015625
1150757320 912810TM0 100.175781 0.007812
1150757629 912810TM0 100.601562 0.015625
1150757942 912810TM0 99.507812 0.007812
1150758253 912810TM0 99.648438 0.015625
1150758565 912810TM0 100.941406 0.011719
1150758874 912810TM0 99.195312 0.011719
1150759189 912810TL2 99.617188 0.015625
1150759500 912810TL2 99.496094 0.011719
1150759812 912810TL2 99.726562 0.007812
1150760124 912810TL2 99.718750 0.015625
1150760437 912810TL2 99.699219 0.015625
1150760746 912810TL2 100.453125 0.007812
1150761059 912810TL2 100.945312 0.007812
1150761372 912810TL2 100.113281 0.007812
1150761697 912810TL2 99.167969 0.015625
1150762011 912810TL2 99.449219 0.011719
