91282CFS5 99.8789 100000 99.875 200000 99.8711 300000 99.8672 400000 99.8633 500000 99.8945 100000 99.8984 200000 99.9023 300000 99.9062 400000 99.9102 500000 
91282CFS5 99.8398 100000 99.8359 200000 99.832 300000 99.8281 400000 99.8242 500000 99.8633 100000 99.8672 200000 99.8711 300000 99.875 400000 99.8789 500000 
91282CFS5 99.3242 100000 99.3203 200000 99.3164 300000 99.3125 400000 99.3086 500000 99.3555 100000 99.3594 200000 99.3633 300000 99.3672 400000 99.3711 500000 
91282CFS5 100.883 100000 100.879 200000 100.875 300000 100.871 400000 100.867 500000 100.922 100000 100.926 200000 100.93 300000 100.934 400000 100.938 500000 
91282CFS5 100.211 100000 100.207 200000 100.203 300000 100.199 400000 100.195 500000 100.242 100000 100.246 200000 100.25 300000 100.254 400000 100.258 500000 
91282CFS5 100.562 100000 100.559 200000 100.555 300000 100.551 400000 100.547 500000 100.586 100000 100.59 200000 100.594 300000 100.598 400000 100.602 500000 
91282CFS5 100.008 100000 100.004 200000 100 300000 99.9961 400000 99.9922 500000 100.023 100000 100.027 200000 100.031 300000 100.035 400000 100.039 500000 
91282CFS5 99.0859 100000 99.082 200000 99.0781 300000 99.0742 400000 99.0703 500000 99.1094 100000 99.1133 200000 99.1172 300000 99.1211 400000 99.125 500000 
91282CFS5 100.492 100000 100.488 200000 100.484 300000 100.48 400000 100.477 500000 100.523 100000 100.527 200000 100.531 300000 100.535 400000 100.539 500000 
91282CFS5 99.4375 100000 99.4336 200000 99.4297 300000 99.4258 400000 99.4219 500000 99.4766 100000 99.4805 200000 99.4844 300000 99.4883 400000 99.4922 500000 
91282CGA3 100.113 100000 100.109 200000 100.105 300000 100.102 400000 100.098 500000 100.129 100000 100.133 200000 100.137 300000 100.141 400000 100.145 500000 
91282CGA3 99.3281 100000 99.3242 200000 99.3203 300000 99.3164 400000 99.3125 500000 99.3516 100000 99.3555 200000 99.3594 300000 99.3633 400000 99.3672 500000 
91282CGA3 99.4961 100000 99.4922 200000 99.4883 300000 99.4844 400000 99.4805 500000 99.5273 100000 99.5312 200000 99.5352 300000 99.5391 400000 99.543 500000 
91282CGA3 99.0234 100000 99.0195 200000 99.0156 300000 99.0117 400000 99.0078 500000 99.0625 100000 99.0664 200000 99.0703 300000 99.0742 400000 99.0781 500000 
91282CGA3 100.242 100000 100.238 200000 100.234 300000 100.23 400000 100.227 500000 100.273 100000 100.277 200000 100.281 300000 100.285 400000 100.289 500000 
91282CGA3 99.293 100000 99.2891 200000 99.2852 300000 99.2812 400000 99.2773 500000 99.3164 100000 99.3203 200000 99.3242 300000 99.3281 400000 99.332 500000 
91282CGA3 100.027 100000 100.023 200000 100.02 300000 100.016 400000 100.012 500000 100.043 100000 100.047 200000 100.051 300000 100.055 400000 100.059 500000 
91282CGA3 99.5352 100000 99.5312 200000 99.5273 300000 99.5234 400000 99.5195 500000 99.5586 100000 99.5625 200000 99.5664 300000 99.5703 400000 99.5742 500000 
91282CGA3 100.133 100000 100.129 200000 100.125 300000 100.121 400000 100.117 500000 100.164 100000 100.168 200000 100.172 300000 100.176 400000 100.18 500000 
91282CGA3 99.0234 100000 99.0195 200000 99.0156 300000 99.0117 400000 99.0078 500000 99.0625 100000 99.0664 200000 99.0703 300000 99.0742 400000 99.0781 500000 
91282CFZ9 99.7422 100000 99.7383 200000 99.7344 300000 99.7305 400000 99.7266 500000 99.7578 100000 99.7617 200000 99.7656 300000 99.7695 400000 99.7734 500000 
91282CFZ9 100.812 100000 100.809 200000 100.805 300000 100.801 400000 100.797 500000 100.836 100000 100.84 200000 100.844 300000 100.848 400000 100.852 500000 
91282CFZ9 100.48 100000 100.477 200000 100.473 300000 100.469 400000 100.465 500000 100.512 100000 100.516 200000 100.52 300000 100.523 400000 100.527 500000 
91282CFZ9 100.484 100000 100.48 200000 100.477 300000 100.473 400000 100.469 500000 100.523 100000 100.527 200000 100.531 300000 100.535 400000 100.539 500000 
91282CFZ9 100.906 100000 100.902 200000 100.898 300000 100.895 400000 100.891 500000 100.938 100000 100.941 200000 100.945 300000 100.949 400000 100.953 500000 
91282CFZ9 100.082 100000 100.078 200000 100.074 300000 100.07 400000 100.066 500000 100.105 100000 100.109 200000 100.113 300000 100.117 400000 100.121 500000 
91282CFZ9 100.902 100000 100.898 200000 100.895 300000 100.891 400000 100.887 500000 100.918 100000 100.922 200000 100.926 300000 100.93 400000 100.934 500000 
91282CFZ9 100.773 100000 100.77 200000 100.766 300000 100.762 400000 100.758 500000 100.797 100000 100.801 200000 100.805 300000 100.809 400000 100.812 500000 
91282CFZ9 99.4219 100000 99.418 200000 99.4141 300000 99.4102 400000 99.4062 500000 99.4531 100000 99.457 200000 99.4609 300000 99.4648 400000 99.4688 500000 
91282CFZ9 99.1602 100000 99.1562 200000 99.1523 300000 99.1484 400000 99.1445 500000 99.1992 100000 99.2031 200000 99.207 300000 99.2109 400000 99.2148 500000 
91282CFY2 99.75 100000 99.7461 200000 99.7422 300000 99.7383 400000 99.7344 500000 99.7656 100000 99.7695 200000 99.7734 300000 99.7773 400000 99.7812 500000 
91282CFY2 99.4062 100000 99.4023 200000 99.3984 300000 99.3945 400000 99.3906 500000 99.4297 100000 99.4336 200000 99.4375 300000 99.4414 400000 99.4453 500000 
91282CFY2 99.625 100000 99.6211 200000 99.6172 300000 99.6133 400000 99.6094 500000 99.6562 100000 99.6602 200000 99.6641 300000 99.668 400000 99.6719 500000 
91282CFY2 100.758 100000 100.754 200000 100.75 300000 100.746 400000 100.742 500000 100.797 100000 100.801 200000 100.805 300000 100.809 400000 100.812 500000 
91282CFY2 100.051 100000 100.047 200000 100.043 300000 100.039 400000 100.035 500000 100.082 100000 100.086 200000 100.09 300000 100.094 400000 100.098 500000 
91282CFY2 99.9141 100000 99.9102 200000 99.9062 300000 99.9023 400000 99.8984 500000 99.9375 100000 99.9414 200000 99.9453 300000 99.9492 400000 99.9531 500000 
91282CFY2 99.1289 100000 99.125 200000 99.1211 300000 99.1172 400000 99.1133 500000 99.1445 100000 99.1484 200000 99.1523 300000 99.1562 400000 99.1602 500000 
91282CFY2 100.043 100000 100.039 200000 100.035 300000 100.031 400000 100.027 500000 100.066 100000 100.07 200000 100.074 300000 100.078 400000 100.082 500000 
91282CFY2 99.3516 100000 99.3477 200000 99.3438 300000 99.3398 400000 99.3359 500000 99.3828 100000 99.3867 200000 99.3906 300000 99.3945 400000 99.3984 500000 
91282CFY2 99.0781 100000 99.0742 200000 99.0703 300000 99.0664 400000 99.0625 500000 99.1172 100000 99.1211 200000 99.125 300000 99.1289 400000 99.1328 500000 
91282CFV8 100.793 100000 100.789 200000 100.785 300000 100.781 400000 100.777 500000 100.809 100000 100.812 200000 100.816 300000 100.82 400000 100.824 500000 
91282CFV8 99.75 100000 99.7461 200000 99.7422 300000 99.7383 400000 99.7344 500000 99.7734 100000 99.7773 200000 99.7812 300000 99.7852 400000 99.7891 500000 
91282CFV8 99.4336 100000 99.4297 200000 99.4258 300000 99.4219 400000 99.418 500000 99.4648 100000 99.4688 200000 99.4727 300000 99.4766 400000 99.4805 500000 
91282CFV8 100.434 100000 100.43 200000 100.426 300000 100.422 400000 100.418 500000 100.473 100000 100.477 200000 100.48 300000 100.484 400000 100.488 500000 
91282CFV8 99.4922 100000 99.4883 200000 99.4844 300000 99.4805 400000 99.4766 500000 99.5234 100000 99.5273 200000 99.5312 300000 99.5352 400000 99.5391 500000 
91282CFV8 99.9141 100000 99.9102 200000 99.9062 300000 99.9023 400000 99.8984 500000 99.9375 100000 99.9414 200000 99.9453 300000 99.9492 400000 99.9531 500000 
91282CFV8 99.5312 100000 99.5273 200000 99.5234 300000 99.5195 400000 99.5156 500000 99.5469 100000 99.5508 200000 99.5547 300000 99.5586 400000 99.5625 500000 
91282CFV8 99.4766 100000 99.4727 200000 99.4688 300000 99.4648 400000 99.4609 500000 99.5 100000 99.5039 200000 99.5078 300000 99.5117 400000 99.5156 500000 
91282CFV8 100.109 100000 100.105 200000 100.102 300000 100.098 400000 100.094 500000 100.141 100000 100.145 200000 100.148 300000 100.152 400000 100.156 500000 
91282CFV8 100.926 100000 100.922 200000 100.918 300000 100.914 400000 100.91 500000 100.965 100000 100.969 200000 100.973 300000 100.977 400000 100.98 500000 
912810TM0 99.8672 100000 99.8633 200000 99.8594 300000 99.8555 400000 99.8516 500000 99.8828 100000 99.8867 200000 99.8906 300000 99.8945 400000 99.8984 500000 
912810TM0 99.0625 100000 99.0586 200000 99.0547 300000 99.0508 400000 99.0469 500000 99.0859 100000 99.0898 200000 99.0938 300000 99.0977 400000 99.1016 500000 
912810TM0 100.352 100000 100.348 200000 100.344 300000 100.34 400000 100.336 500000 100.383 100000 100.387 200000 100.391 300000 100.395 400000 100.398 500000 
912810TM0 100.023 100000 100.02 200000 100.016 300000 100.012 400000 100.008 500000 100.062 100000 100.066 200000 100.07 300000 100.074 400000 100.078 500000 
912810TM0 100.805 100000 100.801 200000 100.797 300000 100.793 400000 100.789 500000 100.836 100000 100.84 200000 100.844 300000 100.848 400000 100.852 500000 
912810TM0 99.9336 100000 99.9297 200000 99.9258 300000 99.9219 400000 99.918 500000 99.957 100000 99.9609 200000 99.9648 300000 99.9688 400000 99.9727 500000 
912810TM0 100.523 100000 100.52 200000 100.516 300000 100.512 400000 100.508 500000 100.539 100000 100.543 200000 100.547 300000 100.551 400000 100.555 500000 
912810TM0 99.7617 100000 99.7578 200000 99.7539 300000 99.75 400000 99.7461 500000 99.7852 100000 99.7891 200000 99.793 300000 99.7969 400000 99.8008 500000 
912810TM0 100.449 100000 100.445 200000 100.441 300000 100.438 400000 100.434 500000 100.48 100000 100.484 200000 100.488 300000 100.492 400000 100.496 500000 
912810TM0 99.9492 100000 99.9453 200000 99.9414 300000 99.9375 400000 99.9336 500000 99.9883 100000 99.9922 200000 99.9961 300000 100 400000 100.004 500000 
912810TL2 99.6367 100000 99.6328 200000 99.6289 300000 99.625 400000 99.6211 500000 99.6523 100000 99.6562 200000 99.6602 300000 99.6641 400000 99.668 500000 
912810TL2 100.16 100000 100.156 200000 100.152 300000 100.148 400000 100.145 500000 100.184 100000 100.188 200000 100.191 300000 100.195 400000 100.199 500000 
912810TL2 99.7578 100000 99.7539 200000 99.75 300000 99.7461 400000 99.7422 500000 99.7891 100000 99.793 200000 99.7969 300000 99.8008 400000 99.8047 500000 
912810TL2 99.5547 100000 99.5508 200000 99.5469 300000 99.543 400000 99.5391 500000 99.5938 100000 99.5977 200000 99.6016 300000 99.6055 400000 99.6094 500000 
912810TL2 100.012 100000 100.008 200000 100.004 300000 100 400000 99.9961 500000 100.043 100000 100.047 200000 100.051 300000 100.055 400000 100.059 500000 
912810TL2 99.3516 100000 99.3477 200000 99.3438 300000 99.3398 400000 99.3359 500000 99.375 100000 99.3789 200000 99.3828 300000 99.3867 400000 99.3906 500000 
912810TL2 99.2773 100000 99.2734 200000 99.2695 300000 99.2656 400000 99.2617 500000 99.293 100000 99.2969 200000 99.3008 300000 99.3047 400000 99.3086 500000 
912810TL2 99.0703 100000 99.0664 200000 99.0625 300000 99.0586 400000 99.0547 500000 99.0938 100000 99.0977 200000 99.1016 300000 99.1055 400000 99.1094 500000 
912810TL2 99.3672 100000 99.3633 200000 99.3594 300000 99.3555 400000 99.3516 500000 99.3984 100000 99.4023 200000 99.4062 300000 99.4102 400000 99.4141 500000 
912810TL2 100.703 100000 100.699 200000 100.695 300000 100.691 400000 100.688 500000 100.742 100000 100.746 200000 100.75 300000 100.754 400000 100.758 500000 
